[manual]
lat=44.231171
lon=-76.485954
